Sample	chromsome	start.pos	end.pos	nMajor	nMinor	cn.em	logR_mean	nSNP	Unnamed: 9
P001	1	1	12879801	2	1	3	0.5644	45	
P001	1	12879802	20155442	1	0	1	-0.7972	38	
P001	1	20155443	111643596	2	0	2	-0.0127	97	
P001	1	111643597	114394952	1	1	2	0.0212	119	
P001	1	114394953	149177852	1	0	1	-0.8335	129	
P001	1	149177853	217700326	2	1	3	0.4734	90	
P001	1	217700327	249250621	2	1	3	0.5646	78	
P001	2	1	96704723	2	1	3	0.465	108	
P001	2	96704724	105815695	1	0	1	-0.8328	82	
P001	2	105815696	136922782	2	1	3	0.6079	71	
P001	2	136922783	140758567	3	1	4	0.9749	62	
P001	2	140758568	202237884	1	1	2	0.0483	89	
P001	2	202237885	214145271	1	1	2	0.0236	118	
P001	2	214145272	243199373	0	0	0	-2.9525	76	
P001	3	1	70365132	1	1	2	-0.043	108	
P001	3	70365133	107695138	1	1	2	0.0018	101	
P001	3	107695139	159155825	2	1	3	0.5953	126	
P001	3	159155826	198022430	1	1	2	0.0246	85	
P001	4	1	3686837	1	1	2	0.0035	78	
P001	4	3686838	10259758	1	1	2	-0.0191	72	
P001	4	10259759	19428042	1	1	2	-0.0037	112	
P001	4	19428043	55408086	2	1	3	0.5214	107	
P001	4	55408087	57948717	1	1	2	-0.0435	90	
P001	4	57948718	79395975	2	1	3	0.489	114	
P001	4	79395976	123681414	1	1	2	-0.0815	108	
P001	4	123681415	159965168	3	0	3	0.5458	86	
P001	4	159965169	191154276	2	0	2	0.029	60	
P001	5	1	46843583	2	1	3	0.4481	100	
P001	5	46843584	63152799	1	0	1	-0.8027	51	
P001	5	63152800	77880602	1	0	1	-0.7871	46	
P001	5	77880603	129524823	1	1	2	0.0319	100	
P001	5	129524824	137336441	2	1	3	0.5915	45	
P001	5	137336442	180915260	1	1	2	0.0114	91	
P001	6	1	15915435	1	1	2	0.0081	91	
P001	6	15915436	28231093	1	1	2	0.024	94	
P001	6	28231094	47117767	0	0	0	-2.9088	57	
P001	6	47117768	48841077	1	1	2	0.0358	103	
P001	6	48841078	55551072	1	1	2	-0.0314	74	
P001	6	55551073	65149804	1	1	2	0.0755	88	
P001	6	65149805	132972887	3	1	4	0.7793	55	
P001	6	132972888	171115067	0	0	0	-2.8778	34	
P001	7	1	52899751	1	1	2	-0.0033	129	
P001	7	52899752	68018222	1	1	2	0.0537	97	
P001	7	68018223	125725049	1	1	2	0.0107	118	
P001	7	125725050	159138663	3	1	4	0.8791	44	
P001	8	1	58171778	1	1	2	0.0572	75	
P001	8	58171779	67203964	1	1	2	0.0051	108	
P001	8	67203965	109625013	1	1	2	0.0161	80	
P001	8	109625014	116355896	1	1	2	-0.0043	85	
P001	8	116355897	126150381	1	1	2	-0.0316	123	
P001	8	126150382	127309048	1	1	2	-0.0403	101	
P001	8	127309049	143341441	1	1	2	-0.0457	59	
P001	8	143341442	146364022	1	1	2	0.0194	53	
P001	9	1	12520686	1	1	2	0.0293	87	
P001	9	12520687	37833627	3	1	4	0.887	34	
P001	9	37833628	109154087	2	1	3	0.5235	38	
P001	9	109154088	117341921	1	1	2	0.0373	76	
P001	9	117341922	128016110	2	1	3	0.4744	35	
P001	9	128016111	140851254	3	1	4	0.9368	80	
P001	9	140851255	141213431	2	1	3	0.5007	116	
P001	10	1	2557630	1	1	2	0.0385	70	
P001	10	2557631	31211583	1	1	2	-0.0015	82	
P001	10	31211584	43491434	1	1	2	-0.0279	78	
P001	10	43491435	105297272	1	1	2	-0.0612	47	
P001	10	105297273	105731299	1	0	1	-0.8061	48	
P001	10	105731300	108531394	1	0	1	-0.8644	106	
P001	10	108531395	111284738	1	1	2	0.0541	72	
P001	10	111284739	135534747	1	1	2	-0.0443	120	
P001	11	1	3161309	1	1	2	0.001	105	
P001	11	3161310	5529620	3	0	3	0.515	110	
P001	11	5529621	5847251	1	0	1	-0.8206	86	
P001	11	5847252	46234145	1	1	2	0.0207	62	
P001	11	46234146	117478900	1	0	1	-0.8485	86	
P001	11	117478901	135006516	1	1	2	0.0122	90	
P001	12	1	13951897	0	0	0	-2.8939	51	
P001	12	13951898	23831566	3	0	3	0.5243	83	
P001	12	23831567	47764188	2	0	2	0.0255	39	
P001	12	47764189	51762517	1	1	2	-0.0178	94	
P001	12	51762518	81679972	2	1	3	0.5192	127	
P001	12	81679973	85735754	1	1	2	-0.0606	44	
P001	12	85735755	98093111	1	0	1	-0.8497	122	
P001	12	98093112	133851895	1	0	1	-0.807	103	
P001	13	1	11401069	3	1	4	0.9229	123	
P001	13	11401070	28172447	2	1	3	0.4471	113	
P001	13	28172448	32246807	1	1	2	-0.0527	83	
P001	13	32246808	66012323	2	1	3	0.5364	32	
P001	13	66012324	80339551	1	1	2	-0.0166	56	
P001	13	80339552	99210454	1	0	1	-0.7334	97	
P001	13	99210455	102036311	1	1	2	0.0381	120	
P001	13	102036312	108001513	1	1	2	-0.0106	48	
P001	13	108001514	115169878	1	1	2	0.0104	94	
P001	14	1	8582829	1	1	2	0.0546	104	
P001	14	8582830	23360595	3	0	3	0.5575	31	
P001	14	23360596	27500582	2	1	3	0.419	100	
P001	14	27500583	54737934	1	1	2	-0.0019	98	
P001	14	54737935	81468031	1	1	2	0.0068	86	
P001	14	81468032	107349540	1	1	2	-0.063	68	
P001	15	1	12578577	1	1	2	0.0624	88	
P001	15	12578578	32870633	1	1	2	-0.0995	44	
P001	15	32870634	37914032	1	1	2	0.0888	75	
P001	15	37914033	81606831	1	1	2	0.0066	103	
P001	15	81606832	85718155	1	0	1	-0.8638	86	
P001	15	85718156	102531392	1	1	2	0.0217	81	
P001	16	1	3100780	1	1	2	0.0222	54	
P001	16	3100781	23910017	2	1	3	0.5481	35	
P001	16	23910018	27068394	1	1	2	0.044	126	
P001	16	27068395	27469257	1	1	2	0.0217	69	
P001	16	27469258	28866277	1	1	2	-0.0243	65	
P001	16	28866278	37209935	3	0	3	0.4558	62	
P001	16	37209936	75498508	1	1	2	-0.0067	72	
P001	16	75498509	90354753	1	0	1	-0.8021	48	
P001	17	1	8862305	1	1	2	0.0175	76	
P001	17	8862306	38805456	3	1	4	0.9232	109	
P001	17	38805457	62788599	1	1	2	-0.0763	126	
P001	17	62788600	67910047	1	1	2	-0.0736	35	
P001	17	67910048	81195210	2	1	3	0.4869	54	
P001	18	1	28938505	1	1	2	-0.043	79	
P001	18	28938506	39043273	1	1	2	0.0053	53	
P001	18	39043274	67167243	1	0	1	-0.8291	88	
P001	18	67167244	70377983	1	1	2	0.0189	43	
P001	18	70377984	78077248	1	1	2	0.0216	89	
P001	19	1	8103313	3	1	4	0.8854	117	
P001	19	8103314	12007724	1	1	2	-0.0427	129	
P001	19	12007725	37904820	2	1	3	0.5244	45	
P001	19	37904821	46556882	1	1	2	-0.026	115	
P001	19	46556883	59128983	1	1	2	0.044	119	
P001	20	1	9482335	2	1	3	0.5442	31	
P001	20	9482336	13929217	1	1	2	-0.0014	103	
P001	20	13929218	14200379	1	1	2	-0.0482	119	
P001	20	14200380	22406109	2	1	3	0.4942	89	
P001	20	22406110	22495150	1	1	2	0.0089	91	
P001	20	22495151	24949361	3	1	4	0.9249	122	
P001	20	24949362	34146770	1	1	2	-0.0089	30	
P001	20	34146771	49476643	2	1	3	0.4899	108	
P001	20	49476644	63025520	2	1	3	0.4458	126	
P001	21	1	3007291	1	0	1	-0.8739	59	
P001	21	3007292	3611340	1	0	1	-0.8264	108	
P001	21	3611341	5804377	1	1	2	-0.0343	97	
P001	21	5804378	11992579	3	0	3	0.5427	65	
P001	21	11992580	26913430	1	1	2	0.0999	101	
P001	21	26913431	31184021	1	1	2	-0.0164	108	
P001	21	31184022	39778133	2	1	3	0.5196	36	
P001	21	39778134	42604862	1	1	2	0.0047	84	
P001	21	42604863	48129895	1	1	2	0.0635	75	
P001	22	1	7766487	1	1	2	0.0182	120	
P001	22	7766488	10496972	1	1	2	-0.0404	65	
P001	22	10496973	39704435	1	1	2	0.0459	101	
P001	22	39704436	51304566	2	1	3	0.4943	114	
P001	X	1	9117682	1	1	2	0.0474	126	
P001	X	9117683	20063154	2	1	3	0.5108	72	
P001	X	20063155	39479497	1	1	2	0.0002	70	
P001	X	39479498	63158769	1	1	2	-0.0428	123	
P001	X	63158770	119907269	1	1	2	0.0341	107	
P001	X	119907270	120346417	1	1	2	0.0278	35	
P001	X	120346418	147357980	1	1	2	-0.0807	113	
P001	X	147357981	155270560	1	1	2	-0.0518	118	
P001	Y	1	3279320	0	0	0	-2.8523	44	
P001	Y	3279321	12449381	0	0	0	-2.8419	100	
P001	Y	12449382	35353425	0	0	0	-2.8287	112	
P001	Y	35353426	43941472	0	0	0	-2.8886	65	
P001	Y	43941473	48093426	0	0	0	-2.8453	32	
P001	Y	48093427	48369606	0	0	0	-2.8261	129	
P001	Y	48369607	50259380	0	0	0	-2.8418	112	
P001	Y	50259381	59373566	0	0	0	-2.8102	75	
P002	1	1	84304259	1	1	2	-0.0449	78	
P002	1	84304260	86061772	2	1	3	0.2267	62	
P002	1	86061773	92315950	1	1	2	-0.0045	83	
P002	1	92315951	121717581	1	1	2	-0.0661	88	
P002	1	121717582	141464560	3	1	4	0.5129	32	
P002	1	141464561	144127655	0	0	0	-0.8182	59	
P002	1	144127656	170576026	1	1	2	-0.0287	124	
P002	1	170576027	202325885	2	0	2	0.0166	58	
P002	1	202325886	249250621	1	1	2	-0.0036	67	
P002	2	1	3739520	1	1	2	0.0146	79	
P002	2	3739521	104342545	1	1	2	-0.0775	95	
P002	2	104342546	108037026	1	0	1	-0.2544	71	
P002	2	108037027	109344584	1	0	1	-0.3584	34	
P002	2	109344585	112383474	1	1	2	-0.0443	115	
P002	2	112383475	115716152	1	1	2	-0.0545	128	
P002	2	115716153	174173632	1	1	2	0.0333	99	
P002	2	174173633	235318008	1	0	1	-0.3276	110	
P002	2	235318009	243199373	1	1	2	0.017	61	
P002	3	1	42143544	1	1	2	-0.07	79	
P002	3	42143545	48419822	3	1	4	0.5286	97	
P002	3	48419823	111650630	3	0	3	0.3357	129	
P002	3	111650631	117288317	1	1	2	0.0168	96	
P002	3	117288318	131408328	1	1	2	0.0367	108	
P002	3	131408329	168598069	2	0	2	-0.0654	84	
P002	3	168598070	178655790	1	1	2	-0.0796	54	
P002	3	178655791	198022430	3	1	4	0.4815	88	
P002	4	1	80745844	1	1	2	-0.0394	79	
P002	4	80745845	128818876	1	1	2	-0.0269	118	
P002	4	128818877	143107787	2	1	3	0.2127	109	
P002	4	143107788	191154276	1	1	2	-0.0236	124	
P002	5	1	34823311	1	1	2	0.0481	83	
P002	5	34823312	37209566	1	1	2	0.0194	36	
P002	5	37209567	137003553	1	0	1	-0.3212	73	
P002	5	137003554	174940834	1	1	2	0.017	101	
P002	5	174940835	180915260	1	1	2	0.01	95	
P002	6	1	89572711	1	0	1	-0.3358	99	
P002	6	89572712	99292150	1	1	2	-0.0122	103	
P002	6	99292151	99788178	1	1	2	0.0141	127	
P002	6	99788179	116992675	2	1	3	0.2145	108	
P002	6	116992676	124852756	1	1	2	0.018	43	
P002	6	124852757	145402270	1	1	2	0.0723	50	
P002	6	145402271	149334972	1	1	2	0.0357	124	
P002	6	149334973	171115067	2	1	3	0.3289	70	
P002	7	1	84352567	2	0	2	0.0459	116	
P002	7	84352568	99365647	2	1	3	0.3042	83	
P002	7	99365648	114103158	1	1	2	0.0536	84	
P002	7	114103159	159138663	1	0	1	-0.3189	111	
P002	8	1	8139641	3	1	4	0.5179	84	
P002	8	8139642	94693233	1	1	2	-0.0075	113	
P002	8	94693234	123546614	1	1	2	-0.0109	39	
P002	8	123546615	139261129	1	1	2	0.0435	37	
P002	8	139261130	146185477	3	1	4	0.5328	42	
P002	8	146185478	146364022	1	1	2	-0.0169	86	
P002	9	1	12628768	1	0	1	-0.3415	30	
P002	9	12628769	55330183	2	0	2	0.038	38	
P002	9	55330184	58047474	2	1	3	0.2126	39	
P002	9	58047475	81558004	1	1	2	-0.0558	117	
P002	9	81558005	87104374	3	1	4	0.4937	82	
P002	9	87104375	90520057	1	0	1	-0.3126	61	
P002	9	90520058	140078018	2	1	3	0.3173	120	
P002	9	140078019	141213431	3	1	4	0.4981	89	
P002	10	1	38106703	1	1	2	0.0637	58	
P002	10	38106704	83799268	1	0	1	-0.3209	86	
P002	10	83799269	132594854	1	1	2	-0.0099	53	
P002	10	132594855	135534747	1	1	2	0.0021	56	
P002	11	1	14118406	1	1	2	0.0671	126	
P002	11	14118407	18958152	1	1	2	-0.0548	121	
P002	11	18958153	52074083	1	1	2	0.0191	38	
P002	11	52074084	69168603	1	1	2	0.016	38	
P002	11	69168604	69431069	3	1	4	0.5412	53	
P002	11	69431070	84131491	1	1	2	0.023	101	
P002	11	84131492	103847239	1	0	1	-0.3501	70	
P002	11	103847240	107600868	1	1	2	0.0597	104	
P002	11	107600869	135006516	2	1	3	0.2567	47	
P002	12	1	19949019	1	1	2	0.0093	129	
P002	12	19949020	23243711	1	1	2	-0.01	35	
P002	12	23243712	61286213	1	0	1	-0.3196	101	
P002	12	61286214	94614239	3	1	4	0.4611	69	
P002	12	94614240	98963781	3	0	3	0.2347	40	
P002	12	98963782	122921003	2	1	3	0.2436	102	
P002	12	122921004	129925166	1	1	2	0.0121	78	
P002	12	129925167	133851895	2	1	3	0.2417	69	
P002	13	1	241489	1	0	1	-0.3862	60	
P002	13	241490	3919887	1	1	2	0.0477	123	
P002	13	3919888	17484924	1	1	2	0.0544	80	
P002	13	17484925	72671366	1	1	2	-0.0618	71	
P002	13	72671367	80694004	1	0	1	-0.3103	41	
P002	13	80694005	106043567	1	1	2	0.0067	127	
P002	13	106043568	115169878	1	1	2	0.0263	50	
P002	14	1	269705	1	1	2	-0.0035	118	
P002	14	269706	18974937	1	1	2	-0.0228	84	
P002	14	18974938	70285915	1	0	1	-0.2776	58	
P002	14	70285916	100085383	1	1	2	0.0499	42	
P002	14	100085384	107349540	3	1	4	0.4957	69	
P002	15	1	9659061	1	1	2	0.0491	126	
P002	15	9659062	26110115	1	1	2	0.0328	97	
P002	15	26110116	30850680	1	1	2	-0.0423	41	
P002	15	30850681	32895601	1	1	2	0.0295	92	
P002	15	32895602	78082264	1	0	1	-0.3045	89	
P002	15	78082265	94187737	1	1	2	-0.0427	65	
P002	15	94187738	99125403	1	1	2	0.1075	50	
P002	15	99125404	102531392	1	1	2	0.0021	36	
P002	16	1	19535560	1	1	2	0.0461	120	
P002	16	19535561	26995714	3	1	4	0.4833	77	
P002	16	26995715	66724458	1	1	2	0.0291	59	
P002	16	66724459	90354753	1	1	2	-0.0072	70	
P002	17	1	4028159	1	1	2	-0.0147	74	
P002	17	4028160	6645995	1	1	2	0.051	95	
P002	17	6645996	8669569	1	1	2	-0.0027	77	
P002	17	8669570	10682668	2	1	3	0.2085	31	
P002	17	10682669	28616368	1	0	1	-0.3802	59	
P002	17	28616369	38018996	1	0	1	-0.27	63	
P002	17	38018997	45512373	1	1	2	-0.0819	68	
P002	17	45512374	81195210	1	0	1	-0.4046	111	
P002	18	1	10281771	1	0	1	-0.3122	79	
P002	18	10281772	29510701	1	0	1	-0.3361	76	
P002	18	29510702	36754815	3	1	4	0.6134	128	
P002	18	36754816	49943397	1	1	2	-0.0859	106	
P002	18	49943398	50619117	1	1	2	0.0409	129	
P002	18	50619118	75577295	1	0	1	-0.2895	109	
P002	18	75577296	78077248	1	1	2	-0.0665	75	
P002	19	1	17075662	1	1	2	0.0604	65	
P002	19	17075663	37685895	1	1	2	0.0072	117	
P002	19	37685896	40611741	2	0	2	-0.0169	54	
P002	19	40611742	52662505	2	1	3	0.1867	104	
P002	19	52662506	56136057	1	1	2	-0.0199	32	
P002	19	56136058	59128983	2	1	3	0.2772	124	
P002	20	1	4555022	1	0	1	-0.3126	94	
P002	20	4555023	10002310	1	1	2	0.0131	34	
P002	20	10002311	17921784	1	1	2	0.04	60	
P002	20	17921785	28773452	1	1	2	0.0024	86	
P002	20	28773453	31961672	1	1	2	-0.0337	45	
P002	20	31961673	53827500	1	1	2	-0.01	67	
P002	20	53827501	63025520	1	0	1	-0.3137	54	
P002	21	1	15253729	1	1	2	-0.0771	52	
P002	21	15253730	22075957	3	1	4	0.4795	85	
P002	21	22075958	23558664	2	1	3	0.3526	57	
P002	21	23558665	28809009	1	1	2	-0.0177	90	
P002	21	28809010	33662431	1	1	2	0.0435	42	
P002	21	33662432	34981153	2	1	3	0.2317	125	
P002	21	34981154	42659347	2	1	3	0.2249	116	
P002	21	42659348	48129895	1	1	2	0.0406	125	
P002	22	1	1458142	1	1	2	0.0159	77	
P002	22	1458143	14760186	1	1	2	-0.0226	45	
P002	22	14760187	16903481	3	1	4	0.4999	104	
P002	22	16903482	24988390	1	0	1	-0.305	49	
P002	22	24988391	45904666	1	0	1	-0.3426	107	
P002	22	45904667	51304566	1	0	1	-0.3457	38	
P002	X	1	14072438	1	0	1	-0.3787	71	
P002	X	14072439	23608113	1	0	1	-0.3121	124	
P002	X	23608114	125825995	1	0	1	-0.3475	100	
P002	X	125825996	133550818	1	0	1	-0.381	126	
P002	X	133550819	139134468	1	0	1	-0.3662	125	
P002	X	139134469	155270560	1	0	1	-0.3607	61	
P002	Y	1	23575347	1	1	2	-0.0054	86	
P002	Y	23575348	28784853	1	1	2	0.049	90	
P002	Y	28784854	28786193	1	0	1	-0.3716	115	
P002	Y	28786194	31494203	1	0	1	-0.2553	33	
P002	Y	31494204	31719151	1	1	2	0.0289	50	
P002	Y	31719152	46377431	1	1	2	0.0023	113	
P002	Y	46377432	53473708	1	1	2	0.0381	40	
P002	Y	53473709	59373566	3	0	3	0.3127	36	
P003	1	1	19916630	1	1	2	-0.0389	121	
P003	1	19916631	52671793	1	1	2	0.0776	128	
P003	1	52671794	195109370	1	0	1	-0.3515	97	
P003	1	195109371	203625793	1	1	2	0.0178	37	
P003	1	203625794	229714564	1	1	2	-0.0337	125	
P003	1	229714565	232605564	1	1	2	0.0226	85	
P003	1	232605565	249250621	1	1	2	0.0551	41	
P003	2	1	89313582	1	0	1	-0.3535	113	
P003	2	89313583	112666200	3	0	3	0.2887	121	
P003	2	112666201	113396026	1	1	2	0.0628	46	
P003	2	113396027	144083734	1	1	2	0.0019	44	
P003	2	144083735	198823894	2	1	3	0.3472	64	
P003	2	198823895	228772751	1	1	2	-0.0264	99	
P003	2	228772752	243199373	1	1	2	0.0253	73	
P003	3	1	42221952	0	0	0	-0.8424	86	
P003	3	42221953	78951915	1	1	2	0.0101	48	
P003	3	78951916	134356985	1	1	2	0.074	84	
P003	3	134356986	158497195	1	1	2	-0.008	42	
P003	3	158497196	168503139	1	1	2	-0.0249	120	
P003	3	168503140	196937089	1	0	1	-0.4069	77	
P003	3	196937090	198022430	1	1	2	0.0246	111	
P003	4	1	44961967	3	1	4	0.4901	114	
P003	4	44961968	73625247	1	0	1	-0.3278	117	
P003	4	73625248	112806676	1	1	2	0.0527	85	
P003	4	112806677	113163978	1	1	2	0.0548	124	
P003	4	113163979	118350202	1	1	2	0.0243	30	
P003	4	118350203	126456586	2	1	3	0.2733	40	
P003	4	126456587	146108142	1	1	2	-0.056	46	
P003	4	146108143	177168876	1	1	2	0.0295	81	
P003	4	177168877	191154276	1	1	2	0.0584	94	
P003	5	1	5142769	1	1	2	-0.0244	38	
P003	5	5142770	31634796	3	1	4	0.4842	59	
P003	5	31634797	36616344	1	1	2	-0.0637	111	
P003	5	36616345	90961117	2	1	3	0.2233	50	
P003	5	90961118	101649851	1	1	2	0.0611	33	
P003	5	101649852	163869075	1	0	1	-0.352	93	
P003	5	163869076	180915260	1	0	1	-0.3273	41	
P003	6	1	53365459	1	0	1	-0.3204	42	
P003	6	53365460	104140609	1	0	1	-0.3276	116	
P003	6	104140610	124212111	3	1	4	0.5366	45	
P003	6	124212112	143938037	1	1	2	-0.009	86	
P003	6	143938038	155270228	2	1	3	0.3883	42	
P003	6	155270229	171115067	1	1	2	-0.0117	97	
P003	7	1	14788268	2	1	3	0.3022	81	
P003	7	14788269	25791928	1	1	2	0.064	50	
P003	7	25791929	66998415	1	1	2	-0.0177	93	
P003	7	66998416	72177879	3	1	4	0.5486	58	
P003	7	72177880	125223678	1	1	2	0.0298	88	
P003	7	125223679	141061546	1	1	2	0.0011	34	
P003	7	141061547	154586482	1	1	2	0.0868	59	
P003	7	154586483	159138663	2	1	3	0.3042	54	
P003	8	1	33189803	1	0	1	-0.3101	64	
P003	8	33189804	57370302	1	1	2	0.0556	33	
P003	8	57370303	116938880	1	1	2	-0.0435	65	
P003	8	116938881	136358499	1	1	2	0.0475	76	
P003	8	136358500	138066819	2	1	3	0.1773	43	
P003	8	138066820	146364022	1	0	1	-0.3381	50	
P003	9	1	87813712	3	0	3	0.3275	38	
P003	9	87813713	96171610	1	1	2	-0.0398	113	
P003	9	96171611	101239520	1	1	2	0.0389	49	
P003	9	101239521	105779075	1	1	2	0.033	100	
P003	9	105779076	141213431	1	0	1	-0.3956	66	
P003	10	1	6389641	2	1	3	0.2829	74	
P003	10	6389642	48671283	1	1	2	-0.039	119	
P003	10	48671284	58023368	2	1	3	0.3344	31	
P003	10	58023369	59748555	1	0	1	-0.3573	41	
P003	10	59748556	70469375	1	1	2	0.0079	99	
P003	10	70469376	106123614	1	1	2	-0.0296	72	
P003	10	106123615	123878614	1	1	2	-0.0005	55	
P003	10	123878615	135187481	1	1	2	-0.0567	36	
P003	10	135187482	135534747	1	1	2	-0.016	111	
P003	11	1	11731900	1	1	2	0.038	47	
P003	11	11731901	43971950	1	1	2	0.0198	108	
P003	11	43971951	57077207	1	0	1	-0.3726	97	
P003	11	57077208	111070715	1	1	2	0.0146	90	
P003	11	111070716	135006516	1	1	2	0.0243	72	
P003	12	1	1050493	1	1	2	0.0064	39	
P003	12	1050494	20263376	1	1	2	0.0098	108	
P003	12	20263377	32256698	2	0	2	-0.038	67	
P003	12	32256699	48015114	2	1	3	0.301	55	
P003	12	48015115	76668055	1	1	2	-0.0128	34	
P003	12	76668056	88578094	1	1	2	-0.0077	87	
P003	12	88578095	106558004	1	1	2	-0.0345	128	
P003	12	106558005	133851895	1	1	2	0.0069	97	
P003	13	1	24896243	1	0	1	-0.3174	100	
P003	13	24896244	52772921	1	1	2	0.0545	103	
P003	13	52772922	78219923	3	1	4	0.495	32	
P003	13	78219924	93576693	1	1	2	0.0415	106	
P003	13	93576694	115169878	1	1	2	0.0212	108	
P003	14	1	10633802	1	0	1	-0.3964	122	
P003	14	10633803	32880332	1	1	2	-0.0748	48	
P003	14	32880333	36717163	1	0	1	-0.263	61	
P003	14	36717164	46360881	1	0	1	-0.3951	31	
P003	14	46360882	47967426	1	0	1	-0.3525	122	
P003	14	47967427	64575560	1	1	2	-0.0001	38	
P003	14	64575561	76321215	1	1	2	-0.0297	99	
P003	14	76321216	94476735	1	1	2	-0.023	124	
P003	14	94476736	107349540	2	1	3	0.2758	114	
P003	15	1	6655938	2	1	3	0.2801	124	
P003	15	6655939	18152061	1	1	2	0.0323	110	
P003	15	18152062	31135254	1	1	2	0.006	55	
P003	15	31135255	68839465	1	1	2	-0.0596	112	
P003	15	68839466	69857405	1	1	2	-0.014	91	
P003	15	69857406	70758464	3	1	4	0.5511	127	
P003	15	70758465	70970692	1	0	1	-0.3067	113	
P003	15	70970693	91640932	2	1	3	0.3087	128	
P003	15	91640933	102531392	3	1	4	0.5603	72	
P003	16	1	8817206	2	1	3	0.3376	86	
P003	16	8817207	21975704	1	0	1	-0.4199	79	
P003	16	21975705	50022128	2	1	3	0.2807	104	
P003	16	50022129	73324510	3	1	4	0.5772	48	
P003	16	73324511	90354753	1	0	1	-0.3591	70	
P003	17	1	1026380	1	1	2	0.0252	80	
P003	17	1026381	13708408	1	0	1	-0.3316	72	
P003	17	13708409	28759565	1	1	2	-0.0665	92	
P003	17	28759566	32029659	1	1	2	-0.0221	82	
P003	17	32029660	48135271	1	0	1	-0.3079	79	
P003	17	48135272	81195210	2	1	3	0.282	66	
P003	18	1	35140874	2	1	3	0.3435	64	
P003	18	35140875	44839434	1	1	2	0.0291	99	
P003	18	44839435	56668801	1	1	2	0.043	82	
P003	18	56668802	64717656	3	1	4	0.5461	37	
P003	18	64717657	75526539	1	1	2	0.026	77	
P003	18	75526540	75685974	2	1	3	0.3601	48	
P003	18	75685975	78077248	2	0	2	0.0448	35	
P003	19	1	16327291	1	0	1	-0.3652	45	
P003	19	16327292	20079891	1	0	1	-0.3481	53	
P003	19	20079892	21761072	0	0	0	-0.8134	112	
P003	19	21761073	25983672	2	1	3	0.2344	65	
P003	19	25983673	31345626	1	1	2	-0.0843	70	
P003	19	31345627	58675190	1	0	1	-0.3853	36	
P003	19	58675191	59128983	1	1	2	-0.0274	97	
P003	20	1	5762223	1	0	1	-0.3468	125	
P003	20	5762224	6339153	2	1	3	0.3644	98	
P003	20	6339154	12847947	1	1	2	-0.0193	77	
P003	20	12847948	20962459	2	0	2	-0.0443	33	
P003	20	20962460	29037697	2	1	3	0.239	103	
P003	20	29037698	46289364	2	1	3	0.306	80	
P003	20	46289365	48963087	1	1	2	0.0738	104	
P003	20	48963088	63025520	2	1	3	0.2611	33	
P003	21	1	482762	1	0	1	-0.2771	124	
P003	21	482763	2787186	2	1	3	0.2538	40	
P003	21	2787187	5474655	1	0	1	-0.3227	86	
P003	21	5474656	13285866	1	0	1	-0.2738	45	
P003	21	13285867	15743332	2	1	3	0.2846	75	
P003	21	15743333	23667143	1	1	2	-0.0316	50	
P003	21	23667144	34895803	1	1	2	-0.0006	118	
P003	21	34895804	43907793	3	1	4	0.4886	113	
P003	21	43907794	48129895	1	1	2	-0.013	122	
P003	22	1	9501610	1	0	1	-0.3573	51	
P003	22	9501611	20208052	1	1	2	-0.0392	121	
P003	22	20208053	43087179	1	1	2	-0.0588	129	
P003	22	43087180	43520495	2	1	3	0.2831	44	
P003	22	43520496	45056044	1	0	1	-0.338	64	
P003	22	45056045	51304566	1	1	2	-0.076	127	
P003	X	1	12920938	1	0	1	-0.3392	40	
P003	X	12920939	22857746	1	1	2	0.0236	126	
P003	X	22857747	33443923	1	1	2	0.0012	118	
P003	X	33443924	103646309	1	1	2	0.0159	38	
P003	X	103646310	111562920	1	1	2	0.004	89	
P003	X	111562921	128086935	2	1	3	0.2958	79	
P003	X	128086936	155270560	1	1	2	0.0987	44	
P003	Y	1	12378147	0	0	0	-0.7835	124	
P003	Y	12378148	49306454	0	0	0	-0.7724	121	
P003	Y	49306455	51768186	0	0	0	-0.7819	109	
P003	Y	51768187	58555989	0	0	0	-0.8117	51	
P003	Y	58555990	59373566	0	0	0	-0.8019	78	
P004	1	1	38734168	1	1	2	0.017	91	
P004	1	38734169	74903082	1	0	1	-0.8733	39	
P004	1	74903083	92125584	1	1	2	0.0294	107	
P004	1	92125585	139496005	1	1	2	0.0107	61	
P004	1	139496006	149199643	2	1	3	0.5656	32	
P004	1	149199644	249250621	1	1	2	0.0119	43	
P004	2	1	15772187	1	1	2	-0.0535	57	
P004	2	15772188	56354404	1	1	2	-0.0178	80	
P004	2	56354405	117468140	3	1	4	0.9488	122	
P004	2	117468141	145291830	3	1	4	0.9836	94	
P004	2	145291831	167906589	1	1	2	0.034	52	
P004	2	167906590	189945830	1	1	2	-0.0174	128	
P004	2	189945831	207262486	1	1	2	0.0045	124	
P004	2	207262487	243199373	1	1	2	-0.0209	79	
P004	3	1	50108002	1	1	2	-0.0519	42	
P004	3	50108003	75353739	3	1	4	0.9216	81	
P004	3	75353740	98525500	1	1	2	0.071	101	
P004	3	98525501	125439954	1	0	1	-0.9372	98	
P004	3	125439955	154731677	1	1	2	-0.0564	68	
P004	3	154731678	188934093	1	1	2	-0.0521	47	
P004	3	188934094	198022430	2	1	3	0.5401	105	
P004	4	1	19499342	3	1	4	0.9464	122	
P004	4	19499343	22494656	1	0	1	-0.8456	97	
P004	4	22494657	67811193	1	1	2	0.0614	112	
P004	4	67811194	120373065	1	1	2	0.0192	70	
P004	4	120373066	139715453	1	1	2	0.0329	87	
P004	4	139715454	174090901	1	1	2	-0.0115	117	
P004	4	174090902	191154276	1	1	2	-0.0399	45	
P004	5	1	589009	1	1	2	-0.017	45	
P004	5	589010	41538535	1	1	2	-0.0205	95	
P004	5	41538536	45578080	1	0	1	-0.9068	120	
P004	5	45578081	74226565	2	1	3	0.5785	87	
P004	5	74226566	83786954	2	1	3	0.4457	32	
P004	5	83786955	134264027	2	1	3	0.5928	39	
P004	5	134264028	136319450	1	1	2	0.0759	58	
P004	5	136319451	180915260	2	1	3	0.4674	52	
P004	6	1	20272703	1	1	2	-0.0166	72	
P004	6	20272704	25295626	2	1	3	0.5172	38	
P004	6	25295627	46526204	1	1	2	-0.0133	108	
P004	6	46526205	77662404	1	1	2	-0.0337	122	
P004	6	77662405	120229835	1	1	2	-0.0092	85	
P004	6	120229836	149434611	3	1	4	0.9809	37	
P004	6	149434612	167446168	1	1	2	0.0079	55	
P004	6	167446169	171115067	1	1	2	0.0001	45	
P004	7	1	23501131	1	1	2	-0.1356	127	
P004	7	23501132	31933661	1	1	2	0.0767	76	
P004	7	31933662	94663416	1	1	2	0.0031	49	
P004	7	94663417	95449261	1	1	2	-0.0215	84	
P004	7	95449262	125490044	1	1	2	-0.0048	66	
P004	7	125490045	159138663	1	1	2	0.034	74	
P004	8	1	53354485	3	1	4	1.0435	97	
P004	8	53354486	58697343	1	1	2	0.0193	84	
P004	8	58697344	78373488	1	0	1	-0.8783	72	
P004	8	78373489	124752528	1	1	2	0.0048	40	
P004	8	124752529	146364022	1	1	2	0.0762	127	
P004	9	1	20508325	1	1	2	-0.0644	107	
P004	9	20508326	94333104	1	1	2	-0.0197	93	
P004	9	94333105	104392556	1	0	1	-0.9644	89	
P004	9	104392557	139198125	2	1	3	0.4718	49	
P004	9	139198126	141213431	2	0	2	0.0431	42	
P004	10	1	15402778	2	1	3	0.5149	120	
P004	10	15402779	25346940	1	1	2	-0.0234	122	
P004	10	25346941	63396191	1	1	2	0.0326	92	
P004	10	63396192	91010310	3	1	4	0.902	62	
P004	10	91010311	127584253	2	0	2	0.0186	105	
P004	10	127584254	135534747	3	1	4	0.9831	99	
P004	11	1	95037347	1	1	2	0.0094	93	
P004	11	95037348	98916100	1	1	2	0.051	34	
P004	11	98916101	100831749	0	0	0	-3.7594	108	
P004	11	100831750	107223334	1	1	2	-0.0691	57	
P004	11	107223335	135006516	1	0	1	-0.9033	111	
P004	12	1	16690001	1	1	2	0.0372	60	
P004	12	16690002	20243209	3	1	4	0.9894	89	
P004	12	20243210	22628298	1	1	2	0.014	110	
P004	12	22628299	32557412	2	1	3	0.5213	112	
P004	12	32557413	93431910	0	0	0	-3.7281	72	
P004	12	93431911	119217284	2	1	3	0.6262	77	
P004	12	119217285	133851895	1	1	2	-0.0054	115	
P004	13	1	4506173	1	1	2	0.0313	84	
P004	13	4506174	49216657	1	1	2	-0.0462	121	
P004	13	49216658	58257587	1	1	2	-0.0534	41	
P004	13	58257588	115169878	2	0	2	0.0182	120	
P004	14	1	32063062	1	1	2	0.0011	97	
P004	14	32063063	42813750	1	1	2	-0.0043	70	
P004	14	42813751	89776928	1	1	2	-0.0499	35	
P004	14	89776929	107349540	1	0	1	-0.9161	70	
P004	15	1	2476448	2	0	2	-0.084	80	
P004	15	2476449	9704583	1	1	2	0.0585	98	
P004	15	9704584	51285315	3	1	4	0.9066	90	
P004	15	51285316	65287286	1	1	2	-0.0159	36	
P004	15	65287287	71092341	1	1	2	-0.0072	88	
P004	15	71092342	99546138	2	1	3	0.5695	123	
P004	15	99546139	102531392	1	1	2	-0.0132	99	
P004	16	1	29374135	1	1	2	0.0772	75	
P004	16	29374136	34928284	1	1	2	0.0212	107	
P004	16	34928285	40146105	1	1	2	0.0541	109	
P004	16	40146106	70918537	2	1	3	0.4737	35	
P004	16	70918538	81274698	1	1	2	0.0127	110	
P004	16	81274699	83740250	3	1	4	0.9647	49	
P004	16	83740251	84347727	1	0	1	-0.814	55	
P004	16	84347728	87012233	1	1	2	0.0592	123	
P004	16	87012234	90354753	1	1	2	0.0154	74	
P004	17	1	9757101	1	1	2	-0.0216	102	
P004	17	9757102	34704918	1	1	2	0.0137	121	
P004	17	34704919	39915474	3	1	4	0.897	77	
P004	17	39915475	48630766	1	1	2	0.0197	43	
P004	17	48630767	68427791	1	1	2	-0.0666	128	
P004	17	68427792	68500822	2	1	3	0.5287	41	
P004	17	68500823	69955882	1	1	2	0.0016	98	
P004	17	69955883	81195210	1	0	1	-0.8516	96	
P004	18	1	10206978	1	0	1	-0.8704	87	
P004	18	10206979	17894910	1	1	2	-0.0388	125	
P004	18	17894911	48791300	1	1	2	-0.0496	104	
P004	18	48791301	49536183	1	0	1	-0.8773	107	
P004	18	49536184	50367919	1	1	2	-0.0447	38	
P004	18	50367920	59046262	1	1	2	-0.0009	44	
P004	18	59046263	78077248	1	1	2	0.0296	38	
P004	19	1	3284680	1	1	2	0.0032	65	
P004	19	3284681	3652067	1	1	2	0.064	104	
P004	19	3652068	23855918	1	1	2	0.0025	62	
P004	19	23855919	38239297	1	1	2	0.0513	62	
P004	19	38239298	39293732	2	1	3	0.5997	123	
P004	19	39293733	40626632	1	1	2	-0.0194	115	
P004	19	40626633	49328230	1	1	2	-0.0878	129	
P004	19	49328231	57492360	1	1	2	0.0025	61	
P004	19	57492361	59128983	1	1	2	-0.0191	35	
P004	20	1	2938709	1	1	2	0.0077	68	
P004	20	2938710	23112888	2	1	3	0.5	102	
P004	20	23112889	39929930	1	1	2	-0.0224	33	
P004	20	39929931	49700346	1	1	2	-0.1278	85	
P004	20	49700347	50637180	1	0	1	-0.8819	129	
P004	20	50637181	59364413	1	0	1	-0.9302	81	
P004	20	59364414	63025520	1	0	1	-0.9682	124	
P004	21	1	8313485	1	1	2	-0.0254	61	
P004	21	8313486	28945617	1	1	2	0.0141	90	
P004	21	28945618	36629562	1	1	2	-0.021	60	
P004	21	36629563	48129895	1	1	2	0.0208	48	
P004	22	1	13117873	1	1	2	-0.0632	78	
P004	22	13117874	33474263	1	1	2	-0.0029	80	
P004	22	33474264	37141123	1	1	2	0.0271	128	
P004	22	37141124	40853070	1	1	2	0.042	45	
P004	22	40853071	48352800	1	0	1	-0.9617	97	
P004	22	48352801	51304566	3	1	4	0.8889	45	
P004	X	1	21161952	1	1	2	-0.0583	124	
P004	X	21161953	48725336	1	1	2	0.0283	36	
P004	X	48725337	64883148	1	0	1	-0.8772	74	
P004	X	64883149	72487028	1	0	1	-0.8241	68	
P004	X	72487029	91718812	3	1	4	0.9453	72	
P004	X	91718813	96799513	1	0	1	-0.9056	45	
P004	X	96799514	129352249	1	1	2	0.0083	75	
P004	X	129352250	155270560	1	1	2	-0.0415	105	
P004	Y	1	31674708	0	0	0	-3.8046	123	
P004	Y	31674709	40524376	0	0	0	-3.7493	124	
P004	Y	40524377	58219462	0	0	0	-3.7444	84	
P004	Y	58219463	59373566	0	0	0	-3.8216	39	
P005	1	1	140220896	1	1	2	-0.058	41	
P005	1	140220897	160389070	1	1	2	-0.0155	115	
P005	1	160389071	178763967	1	1	2	0.0051	65	
P005	1	178763968	249250621	1	0	1	-0.7865	128	
P005	2	1	17925831	1	1	2	-0.0166	118	
P005	2	17925832	43382730	1	0	1	-0.8551	78	
P005	2	43382731	152246778	1	0	1	-0.8766	42	
P005	2	152246779	171516469	3	0	3	0.4607	80	
P005	2	171516470	179268967	2	1	3	0.4378	95	
P005	2	179268968	190096841	3	1	4	1.0284	106	
P005	2	190096842	192218195	1	1	2	0.0378	109	
P005	2	192218196	243199373	1	1	2	0.0015	119	
P005	3	1	11508985	1	0	1	-0.8688	82	
P005	3	11508986	26200986	2	0	2	-0.0008	61	
P005	3	26200987	31088465	1	1	2	0.0106	45	
P005	3	31088466	51198143	1	1	2	0.0503	71	
P005	3	51198144	53989796	3	1	4	0.8849	113	
P005	3	53989797	65560888	1	1	2	-0.0444	85	
P005	3	65560889	118383378	1	0	1	-0.8508	123	
P005	3	118383379	137616781	2	1	3	0.4617	73	
P005	3	137616782	198022430	1	1	2	0.0522	50	
P005	4	1	11366640	1	1	2	0.0558	119	
P005	4	11366641	26029326	1	1	2	0.0687	114	
P005	4	26029327	49767354	3	1	4	0.9314	38	
P005	4	49767355	114468698	2	1	3	0.5509	50	
P005	4	114468699	121550678	1	1	2	0.0892	80	
P005	4	121550679	130648839	1	1	2	0.0007	56	
P005	4	130648840	158538270	3	1	4	0.9979	38	
P005	4	158538271	191154276	1	1	2	-0.052	91	
P005	5	1	19521384	1	0	1	-0.8431	123	
P005	5	19521385	45268415	1	1	2	-0.0358	37	
P005	5	45268416	79722801	1	1	2	-0.0917	104	
P005	5	79722802	100522559	1	1	2	-0.0079	67	
P005	5	100522560	114772524	2	0	2	0.0971	120	
P005	5	114772525	180915260	2	1	3	0.6071	54	
P005	6	1	14952171	1	0	1	-0.88	83	
P005	6	14952172	31163492	1	1	2	-0.0076	67	
P005	6	31163493	61666397	1	0	1	-0.9325	85	
P005	6	61666398	81553633	1	1	2	0.0258	62	
P005	6	81553634	85715482	2	1	3	0.5276	64	
P005	6	85715483	91861533	2	1	3	0.5247	35	
P005	6	91861534	92047258	2	0	2	-0.0023	126	
P005	6	92047259	150332370	1	1	2	-0.0325	85	
P005	6	150332371	171115067	2	1	3	0.5731	104	
P005	7	1	14053709	2	1	3	0.5668	62	
P005	7	14053710	35699983	1	0	1	-0.8975	97	
P005	7	35699984	36500950	1	1	2	-0.0203	39	
P005	7	36500951	37980587	1	1	2	0.0449	37	
P005	7	37980588	43005035	2	1	3	0.5409	38	
P005	7	43005036	69727588	1	1	2	0.0563	74	
P005	7	69727589	151958335	1	1	2	-0.0396	40	
P005	7	151958336	156759379	1	0	1	-0.8284	52	
P005	7	156759380	159138663	2	1	3	0.4929	102	
P005	8	1	2731722	3	0	3	0.5014	75	
P005	8	2731723	27009487	1	1	2	0.0728	62	
P005	8	27009488	83384773	1	1	2	0.0207	108	
P005	8	83384774	117146536	1	1	2	-0.0597	79	
P005	8	117146537	119216001	1	1	2	-0.0887	83	
P005	8	119216002	146139093	1	1	2	-0.0351	59	
P005	8	146139094	146364022	1	1	2	-0.036	50	
P005	9	1	14359690	2	1	3	0.4958	58	
P005	9	14359691	22304355	1	1	2	0.0465	86	
P005	9	22304356	82860502	1	1	2	-0.0024	87	
P005	9	82860503	89196540	1	1	2	0.0947	41	
P005	9	89196541	104321015	1	0	1	-0.8597	125	
P005	9	104321016	141213431	1	0	1	-0.8464	40	
P005	10	1	9390120	1	1	2	0.0334	110	
P005	10	9390121	15488226	1	0	1	-0.865	117	
P005	10	15488227	71551794	1	1	2	0.0086	87	
P005	10	71551795	75441031	3	1	4	0.9479	105	
P005	10	75441032	134392356	1	1	2	0.0065	98	
P005	10	134392357	135534747	1	1	2	0.003	119	
P005	11	1	1057572	3	1	4	0.9162	80	
P005	11	1057573	21457305	2	1	3	0.5642	81	
P005	11	21457306	60388195	1	1	2	0.0025	116	
P005	11	60388196	111237280	1	1	2	-0.0162	65	
P005	11	111237281	133726829	1	1	2	-0.0473	34	
P005	11	133726830	135006516	1	1	2	-0.0255	89	
P005	12	1	472392	1	1	2	-0.0428	86	
P005	12	472393	21516745	1	1	2	0.0139	111	
P005	12	21516746	24129004	1	1	2	0.0423	121	
P005	12	24129005	39991020	1	1	2	-0.0143	79	
P005	12	39991021	76807032	1	1	2	-0.0227	49	
P005	12	76807033	82340355	1	1	2	-0.0354	33	
P005	12	82340356	92548097	2	0	2	0.0374	47	
P005	12	92548098	98241932	1	1	2	0.053	52	
P005	12	98241933	133851895	1	1	2	-0.0367	102	
P005	13	1	7881017	2	1	3	0.5649	66	
P005	13	7881018	24475468	2	1	3	0.53	122	
P005	13	24475469	77228133	3	1	4	0.9505	82	
P005	13	77228134	83842796	2	1	3	0.5262	51	
P005	13	83842797	115169878	2	1	3	0.4591	53	
P005	14	1	4154937	1	0	1	-0.8495	123	
P005	14	4154938	4222909	1	0	1	-0.8843	44	
P005	14	4222910	5260110	1	0	1	-0.8442	65	
P005	14	5260111	50058875	3	0	3	0.567	59	
P005	14	50058876	57708918	1	0	1	-0.8959	84	
P005	14	57708919	66833451	1	1	2	0.0273	86	
P005	14	66833452	102878999	1	1	2	-0.0264	68	
P005	14	102879000	107349540	1	0	1	-0.8046	101	
P005	15	1	14826129	1	0	1	-0.9227	79	
P005	15	14826130	33914757	1	1	2	-0.0008	97	
P005	15	33914758	42369220	1	1	2	0.018	90	
P005	15	42369221	102531392	1	0	1	-0.8808	112	
P005	16	1	7038969	1	1	2	0.0092	88	
P005	16	7038970	39304189	1	1	2	0.0585	64	
P005	16	39304190	42344749	1	0	1	-0.9176	91	
P005	16	42344750	56147702	2	1	3	0.5312	44	
P005	16	56147703	83536647	1	1	2	0.0864	89	
P005	16	83536648	90354753	2	1	3	0.5537	72	
P005	17	1	12504709	1	1	2	-0.018	92	
P005	17	12504710	44546461	1	1	2	0.0043	113	
P005	17	44546462	46223666	3	1	4	0.8913	104	
P005	17	46223667	57481645	1	1	2	0.032	59	
P005	17	57481646	65648519	2	1	3	0.5977	53	
P005	17	65648520	73538932	2	1	3	0.4724	81	
P005	17	73538933	76539120	1	1	2	0.0161	73	
P005	17	76539121	79304653	1	1	2	0.0527	80	
P005	17	79304654	81195210	1	1	2	0.0075	84	
P005	18	1	26475793	1	1	2	-0.0079	104	
P005	18	26475794	53039489	1	0	1	-0.8222	32	
P005	18	53039490	64025280	1	1	2	-0.0142	71	
P005	18	64025281	78077248	1	1	2	-0.0007	100	
P005	19	1	2294891	1	1	2	-0.0191	106	
P005	19	2294892	4492135	1	1	2	-0.077	107	
P005	19	4492136	20684298	1	1	2	0.0163	119	
P005	19	20684299	30239871	3	1	4	0.9995	99	
P005	19	30239872	40054316	1	1	2	0.0483	33	
P005	19	40054317	50764895	1	1	2	0.0644	129	
P005	19	50764896	51001497	1	0	1	-0.8411	31	
P005	19	51001498	51607906	1	1	2	0.0471	37	
P005	19	51607907	59128983	2	1	3	0.4965	75	
P005	20	1	10964715	1	0	1	-0.9521	112	
P005	20	10964716	16166420	1	0	1	-0.874	105	
P005	20	16166421	18572974	1	1	2	-0.0237	105	
P005	20	18572975	32065158	1	1	2	0.0488	83	
P005	20	32065159	49746318	1	1	2	-0.0343	117	
P005	20	49746319	53281048	1	1	2	-0.07	64	
P005	20	53281049	57484524	1	0	1	-0.8903	42	
P005	20	57484525	63025520	2	1	3	0.5729	110	
P005	21	1	4780775	1	1	2	0.0506	119	
P005	21	4780776	9164136	2	1	3	0.5112	109	
P005	21	9164137	9308485	1	1	2	0.0545	69	
P005	21	9308486	10217369	1	1	2	-0.0261	36	
P005	21	10217370	21907313	2	0	2	0.0214	104	
P005	21	21907314	39989637	2	0	2	-0.0211	61	
P005	21	39989638	40465888	2	1	3	0.576	124	
P005	21	40465889	40526946	1	0	1	-0.9395	128	
P005	21	40526947	48129895	1	1	2	0.0143	81	
P005	22	1	21606671	2	1	3	0.519	42	
P005	22	21606672	29775072	1	0	1	-0.8157	32	
P005	22	29775073	35145691	3	1	4	0.9118	66	
P005	22	35145692	48447695	2	1	3	0.5566	103	
P005	22	48447696	50098097	1	1	2	0.0003	81	
P005	22	50098098	51304566	1	0	1	-0.9761	101	
P005	X	1	56046356	1	0	1	-0.8288	96	
P005	X	56046357	63260335	2	1	3	0.4794	106	
P005	X	63260336	67011188	1	1	2	-0.0364	119	
P005	X	67011189	69604266	1	0	1	-0.8877	114	
P005	X	69604267	81414503	1	1	2	-0.0491	98	
P005	X	81414504	86131982	1	1	2	0.0529	87	
P005	X	86131983	125204301	3	1	4	0.8578	109	
P005	X	125204302	149383394	1	0	1	-0.9256	113	
P005	X	149383395	155270560	2	1	3	0.5037	116	
P005	Y	1	4993365	0	0	0	-3.4842	74	
P005	Y	4993366	10856603	0	0	0	-3.51	100	
P005	Y	10856604	31830809	0	0	0	-3.5199	63	
P005	Y	31830810	49100208	0	0	0	-3.4957	119	
P005	Y	49100209	51147388	0	0	0	-3.456	38	
P005	Y	51147389	57093460	0	0	0	-3.4374	65	
P005	Y	57093461	59373566	0	0	0	-3.4567	113	
P006	1	1	35420365	1	0	1	-0.7824	94	
P006	1	35420366	37619872	3	1	4	0.8692	62	
P006	1	37619873	48085542	1	1	2	0.0239	87	
P006	1	48085543	68009195	2	1	3	0.4705	111	
P006	1	68009196	72563500	1	1	2	-0.0327	89	
P006	1	72563501	132502732	1	1	2	-0.0019	101	
P006	1	132502733	175924410	2	1	3	0.4288	65	
P006	1	175924411	213447595	1	1	2	-0.0059	122	
P006	1	213447596	249250621	3	1	4	0.8987	40	
P006	2	1	93976096	1	1	2	0.0549	126	
P006	2	93976097	181571907	1	1	2	-0.0465	73	
P006	2	181571908	181951578	1	0	1	-0.8414	109	
P006	2	181951579	212044794	1	1	2	-0.0422	55	
P006	2	212044795	233668113	1	1	2	0.0037	35	
P006	2	233668114	241826973	1	1	2	-0.0132	122	
P006	2	241826974	243199373	1	1	2	0.0898	87	
P006	3	1	1104764	1	0	1	-0.7153	78	
P006	3	1104765	18611267	1	0	1	-0.7667	121	
P006	3	18611268	113012614	1	1	2	0.0056	128	
P006	3	113012615	150109870	3	1	4	0.8491	114	
P006	3	150109871	164202188	2	0	2	-0.0644	52	
P006	3	164202189	168829127	1	1	2	-0.0044	82	
P006	3	168829128	198022430	2	1	3	0.4769	100	
P006	4	1	15088963	1	1	2	-0.0267	119	
P006	4	15088964	17662851	1	1	2	0.0253	82	
P006	4	17662852	31908274	1	0	1	-0.7029	105	
P006	4	31908275	70059112	1	1	2	-0.0129	51	
P006	4	70059113	116534506	3	1	4	0.8054	113	
P006	4	116534507	132409619	1	1	2	0.071	59	
P006	4	132409620	191154276	1	1	2	-0.0363	74	
P006	5	1	59610793	1	0	1	-0.7483	101	
P006	5	59610794	68549834	1	0	1	-0.7322	93	
P006	5	68549835	137163835	3	1	4	0.8878	36	
P006	5	137163836	157101090	1	1	2	-0.0136	101	
P006	5	157101091	158397408	2	1	3	0.5105	103	
P006	5	158397409	162053208	3	1	4	0.7673	39	
P006	5	162053209	176984157	1	1	2	-0.0028	32	
P006	5	176984158	180915260	2	1	3	0.5696	71	
P006	6	1	8311305	1	1	2	-0.0467	102	
P006	6	8311306	115222335	1	1	2	0.0112	66	
P006	6	115222336	153911778	2	1	3	0.5099	30	
P006	6	153911779	171115067	1	1	2	-0.0118	111	
P006	7	1	25261031	1	0	1	-0.7358	64	
P006	7	25261032	29401453	1	1	2	0.0842	63	
P006	7	29401454	36998194	2	1	3	0.5297	36	
P006	7	36998195	89158552	1	1	2	-0.0177	83	
P006	7	89158553	127108789	1	0	1	-0.8393	53	
P006	7	127108790	148570590	1	1	2	-0.0041	36	
P006	7	148570591	151982932	1	1	2	0.0308	102	
P006	7	151982933	155948009	1	1	2	0.0576	109	
P006	7	155948010	159138663	1	1	2	0.0341	32	
P006	8	1	28041896	1	1	2	0.0611	67	
P006	8	28041897	52656197	2	1	3	0.5169	30	
P006	8	52656198	64783627	1	1	2	-0.1331	100	
P006	8	64783628	146364022	2	0	2	0.0555	44	
P006	9	1	4944525	2	1	3	0.5024	62	
P006	9	4944526	11628305	1	0	1	-0.7264	76	
P006	9	11628306	20910201	1	1	2	-0.0545	34	
P006	9	20910202	55333005	1	1	2	0.0034	127	
P006	9	55333006	75976721	1	0	1	-0.7663	65	
P006	9	75976722	82700171	1	1	2	0.0065	57	
P006	9	82700172	112394682	3	1	4	0.8545	44	
P006	9	112394683	120404508	1	1	2	-0.0689	108	
P006	9	120404509	141213431	1	1	2	-0.0616	121	
P006	10	1	6080963	1	1	2	0.0171	66	
P006	10	6080964	32884884	1	1	2	-0.0326	115	
P006	10	32884885	46094031	2	1	3	0.4319	114	
P006	10	46094032	71571228	1	1	2	0.0351	120	
P006	10	71571229	80276968	1	1	2	0.0252	109	
P006	10	80276969	96457957	1	1	2	0.0113	127	
P006	10	96457958	98713383	1	1	2	0.0145	67	
P006	10	98713384	101526205	1	1	2	-0.0236	91	
P006	10	101526206	135534747	1	1	2	0.1074	75	
P006	11	1	19578950	1	1	2	-0.0421	119	
P006	11	19578951	36290030	1	1	2	-0.0234	86	
P006	11	36290031	98520183	1	1	2	0.0082	108	
P006	11	98520184	111930752	2	1	3	0.5242	96	
P006	11	111930753	126386002	1	1	2	0.0284	69	
P006	11	126386003	135006516	1	1	2	0.0408	45	
P006	12	1	53921501	3	1	4	0.7268	105	
P006	12	53921502	58176925	2	1	3	0.4174	109	
P006	12	58176926	77720827	3	1	4	0.844	45	
P006	12	77720828	133851895	1	1	2	-0.0392	93	
P006	13	1	31506416	2	1	3	0.4207	87	
P006	13	31506417	36563934	1	1	2	-0.0005	111	
P006	13	36563935	48764405	1	0	1	-0.684	107	
P006	13	48764406	57389493	3	1	4	0.8027	47	
P006	13	57389494	60542988	1	1	2	-0.0389	65	
P006	13	60542989	88595816	1	1	2	0.0351	61	
P006	13	88595817	104315296	1	1	2	0.0451	36	
P006	13	104315297	115169878	1	0	1	-0.6575	81	
P006	14	1	2186424	1	1	2	-0.0072	129	
P006	14	2186425	24106792	1	1	2	-0.047	128	
P006	14	24106793	49081387	1	1	2	0.0419	56	
P006	14	49081388	51615803	1	0	1	-0.7397	108	
P006	14	51615804	56245181	0	0	0	-2.3103	81	
P006	14	56245182	84434734	1	1	2	0.0166	117	
P006	14	84434735	86257824	1	0	1	-0.6763	32	
P006	14	86257825	106091609	1	1	2	-0.0007	41	
P006	14	106091610	107349540	1	1	2	-0.0411	110	
P006	15	1	13737658	1	1	2	-0.0484	113	
P006	15	13737659	50928424	1	1	2	-0.0016	128	
P006	15	50928425	76728342	1	1	2	0.038	105	
P006	15	76728343	83354821	1	0	1	-0.7316	67	
P006	15	83354822	86811198	1	1	2	0.0377	107	
P006	15	86811199	96139284	1	0	1	-0.7201	112	
P006	15	96139285	101776678	1	1	2	0.0349	37	
P006	15	101776679	102531392	1	1	2	0.0064	102	
P006	16	1	4476510	1	0	1	-0.7823	83	
P006	16	4476511	4540792	1	0	1	-0.7116	117	
P006	16	4540793	86631559	1	1	2	-0.0287	66	
P006	16	86631560	90354753	1	1	2	0.1401	48	
P006	17	1	27684911	1	0	1	-0.7462	41	
P006	17	27684912	35245748	1	0	1	-0.6897	121	
P006	17	35245749	36578087	1	1	2	0.0016	52	
P006	17	36578088	81195210	1	1	2	0.0238	103	
P006	18	1	11882530	1	1	2	-0.0325	122	
P006	18	11882531	16838624	3	1	4	0.813	33	
P006	18	16838625	45041671	1	1	2	0.0018	51	
P006	18	45041672	60885681	1	1	2	-0.0096	97	
P006	18	60885682	66274436	0	0	0	-2.2272	61	
P006	18	66274437	78077248	1	1	2	-0.0497	48	
P006	19	1	9742171	1	1	2	0.0336	53	
P006	19	9742172	13685486	1	1	2	0.019	100	
P006	19	13685487	37676825	1	1	2	0.003	53	
P006	19	37676826	38644633	1	1	2	0.0161	94	
P006	19	38644634	59128983	1	1	2	-0.0507	123	
P006	20	1	495394	3	1	4	0.7852	90	
P006	20	495395	4061283	1	1	2	0.0243	80	
P006	20	4061284	6708621	2	1	3	0.4908	59	
P006	20	6708622	10807060	3	1	4	0.7835	48	
P006	20	10807061	19665883	2	1	3	0.5042	95	
P006	20	19665884	38350219	2	1	3	0.4645	44	
P006	20	38350220	58702863	3	1	4	0.7631	110	
P006	20	58702864	63025520	1	1	2	0.0064	43	
P006	21	1	2432454	2	1	3	0.4809	79	
P006	21	2432455	4349312	1	1	2	-0.0257	42	
P006	21	4349313	18132398	1	1	2	0.0829	86	
P006	21	18132399	34378121	1	1	2	-0.0255	42	
P006	21	34378122	48129895	2	1	3	0.4179	93	
P006	22	1	13747627	3	0	3	0.4177	92	
P006	22	13747628	40093196	1	1	2	-0.0697	87	
P006	22	40093197	41215562	1	0	1	-0.6597	111	
P006	22	41215563	46026225	1	1	2	0.066	117	
P006	22	46026226	51304566	1	1	2	-0.0885	73	
P006	X	1	20263413	1	1	2	0.0065	77	
P006	X	20263414	40301063	1	0	1	-0.7513	86	
P006	X	40301064	100199283	1	0	1	-0.7457	40	
P006	X	100199284	136481871	1	1	2	-0.0044	122	
P006	X	136481872	143875325	1	1	2	-0.0233	58	
P006	X	143875326	155270560	1	1	2	0.0907	43	
P006	Y	1	7093338	0	0	0	-2.2733	112	
P006	Y	7093339	7426555	0	0	0	-2.2366	34	
P006	Y	7426556	12742529	0	0	0	-2.2054	128	
P006	Y	12742530	42566544	0	0	0	-2.1595	61	
P006	Y	42566545	47903582	0	0	0	-2.181	89	
P006	Y	47903583	59373566	0	0	0	-2.1807	120	
P007	1	1	52206327	2	0	2	-0.011	63	
P007	1	52206328	123495310	3	1	4	0.662	59	
P007	1	123495311	180343710	3	1	4	0.6081	82	
P007	1	180343711	224144488	1	1	2	0.081	88	
P007	1	224144489	242074310	1	1	2	0.0682	70	
P007	1	242074311	243550588	1	1	2	0.0382	43	
P007	1	243550589	249250621	1	1	2	-0.1004	43	
P007	2	1	112827108	1	1	2	0.0422	52	
P007	2	112827109	180474062	1	1	2	-0.0165	44	
P007	2	180474063	189816746	2	0	2	0.0437	112	
P007	2	189816747	210149874	2	1	3	0.3876	82	
P007	2	210149875	243199373	2	1	3	0.3085	108	
P007	3	1	52439633	1	1	2	0.0344	47	
P007	3	52439634	70824949	1	1	2	-0.045	74	
P007	3	70824950	82703918	1	1	2	0.0099	111	
P007	3	82703919	96830012	1	1	2	-0.0056	118	
P007	3	96830013	112521652	1	1	2	-0.0445	68	
P007	3	112521653	128972422	1	0	1	-0.4859	107	
P007	3	128972423	151671794	3	1	4	0.6254	64	
P007	3	151671795	154273600	1	1	2	-0.0102	123	
P007	3	154273601	198022430	2	0	2	-0.0228	51	
P007	4	1	9109162	1	1	2	-0.0014	103	
P007	4	9109163	74267717	1	1	2	0.0307	81	
P007	4	74267718	137838036	1	0	1	-0.5183	85	
P007	4	137838037	141251007	1	1	2	0.0119	120	
P007	4	141251008	191154276	1	1	2	0.0452	127	
P007	5	1	26740052	1	1	2	-0.0227	53	
P007	5	26740053	33941780	1	1	2	0.007	76	
P007	5	33941781	59136626	2	1	3	0.3625	67	
P007	5	59136627	95801883	1	1	2	-0.1355	31	
P007	5	95801884	104068958	1	1	2	-0.0268	58	
P007	5	104068959	168372656	1	0	1	-0.55	39	
P007	5	168372657	175789061	1	0	1	-0.5052	99	
P007	5	175789062	180915260	1	1	2	0.0673	105	
P007	6	1	31406129	1	1	2	-0.0007	55	
P007	6	31406130	103816002	2	1	3	0.331	97	
P007	6	103816003	129643603	1	1	2	-0.002	127	
P007	6	129643604	135336287	2	1	3	0.4707	73	
P007	6	135336288	171115067	3	1	4	0.6498	104	
P007	7	1	63118740	2	1	3	0.4539	43	
P007	7	63118741	94696976	1	1	2	0.0178	123	
P007	7	94696977	119688540	1	1	2	-0.0253	32	
P007	7	119688541	129176092	1	1	2	0.0218	43	
P007	7	129176093	159138663	1	0	1	-0.5059	45	
P007	8	1	9365464	1	1	2	-0.0393	47	
P007	8	9365465	32985055	1	0	1	-0.6066	70	
P007	8	32985056	50298561	1	0	1	-0.4575	92	
P007	8	50298562	146364022	2	1	3	0.378	82	
P007	9	1	31149526	1	1	2	-0.0574	78	
P007	9	31149527	48003543	1	1	2	-0.0537	109	
P007	9	48003544	63242364	1	1	2	-0.0181	62	
P007	9	63242365	79831421	1	1	2	-0.097	104	
P007	9	79831422	82088316	2	1	3	0.4556	52	
P007	9	82088317	132860294	1	1	2	0.0701	37	
P007	9	132860295	141213431	1	1	2	0.0456	30	
P007	10	1	10524090	3	1	4	0.6295	97	
P007	10	10524091	43085934	1	1	2	0.0306	51	
P007	10	43085935	45071180	1	1	2	-0.0416	80	
P007	10	45071181	85438711	1	1	2	-0.0413	94	
P007	10	85438712	90047666	2	1	3	0.3655	57	
P007	10	90047667	111646482	1	0	1	-0.5513	109	
P007	10	111646483	135534747	3	1	4	0.7329	77	
P007	11	1	39344010	1	1	2	-0.0215	109	
P007	11	39344011	81085541	3	1	4	0.7002	87	
P007	11	81085542	101747110	1	1	2	0.0173	38	
P007	11	101747111	135006516	1	1	2	0.0224	128	
P007	12	1	80171613	1	1	2	0.0115	115	
P007	12	80171614	89567161	3	1	4	0.5739	69	
P007	12	89567162	118898173	1	1	2	-0.0662	103	
P007	12	118898174	133851895	1	1	2	-0.0099	81	
P007	13	1	9573441	1	1	2	-0.0238	85	
P007	13	9573442	26830832	1	1	2	0.0521	108	
P007	13	26830833	46389664	1	1	2	-0.0122	96	
P007	13	46389665	53723174	1	1	2	-0.0241	39	
P007	13	53723175	75787675	1	1	2	-0.0488	107	
P007	13	75787676	77432895	1	1	2	0.0371	57	
P007	13	77432896	96272529	1	0	1	-0.494	59	
P007	13	96272530	100356622	1	1	2	-0.0122	74	
P007	13	100356623	115169878	1	1	2	0.0131	126	
P007	14	1	512042	1	1	2	0.0094	67	
P007	14	512043	6504645	2	1	3	0.351	98	
P007	14	6504646	25905629	1	0	1	-0.5633	116	
P007	14	25905630	37087681	1	0	1	-0.6056	121	
P007	14	37087682	67867184	1	1	2	-0.0342	120	
P007	14	67867185	73075900	1	0	1	-0.5127	32	
P007	14	73075901	78491020	1	1	2	-0.0246	54	
P007	14	78491021	107349540	2	1	3	0.3721	61	
P007	15	1	5286528	1	1	2	0.0735	59	
P007	15	5286529	10277506	1	1	2	-0.0009	52	
P007	15	10277507	21100032	1	0	1	-0.4741	100	
P007	15	21100033	30142891	1	1	2	0.0069	110	
P007	15	30142892	50898866	2	1	3	0.4018	114	
P007	15	50898867	72027304	1	0	1	-0.4755	55	
P007	15	72027305	102531392	1	1	2	-0.0132	97	
P007	16	1	4672310	0	0	0	-1.2639	45	
P007	16	4672311	8046220	1	1	2	0.0702	103	
P007	16	8046221	55538763	1	0	1	-0.3926	85	
P007	16	55538764	61010277	1	1	2	0.092	120	
P007	16	61010278	64759880	1	1	2	-0.0777	39	
P007	16	64759881	90354753	1	1	2	0.0656	65	
P007	17	1	15096860	1	1	2	0.0873	69	
P007	17	15096861	49833401	2	1	3	0.4416	31	
P007	17	49833402	67083850	1	1	2	0.0379	98	
P007	17	67083851	81195210	1	1	2	0.0513	51	
P007	18	1	14276006	1	1	2	-0.0394	82	
P007	18	14276007	15701289	1	0	1	-0.5436	105	
P007	18	15701290	20476969	3	1	4	0.6892	84	
P007	18	20476970	29514131	3	1	4	0.6742	93	
P007	18	29514132	41688736	2	1	3	0.3193	91	
P007	18	41688737	51858095	1	1	2	-0.01	98	
P007	18	51858096	58383033	1	0	1	-0.4927	65	
P007	18	58383034	78077248	1	1	2	-0.0291	80	
P007	19	1	20834170	1	1	2	0.0579	75	
P007	19	20834171	41696716	1	1	2	-0.0189	37	
P007	19	41696717	47316812	2	1	3	0.4355	33	
P007	19	47316813	59128983	1	1	2	0.0539	72	
P007	20	1	34684174	1	0	1	-0.5171	105	
P007	20	34684175	44975965	1	1	2	0.0713	84	
P007	20	44975966	57636334	2	0	2	0.0066	115	
P007	20	57636335	63025520	1	1	2	-0.0178	66	
P007	21	1	843772	1	0	1	-0.569	60	
P007	21	843773	18838325	1	1	2	0.0281	78	
P007	21	18838326	22132894	1	0	1	-0.5583	109	
P007	21	22132895	23453855	2	1	3	0.3612	35	
P007	21	23453856	25136236	1	0	1	-0.5625	89	
P007	21	25136237	31880405	1	0	1	-0.5414	56	
P007	21	31880406	48129895	1	1	2	0.0659	114	
P007	22	1	1290339	1	1	2	-0.0476	96	
P007	22	1290340	23062457	2	1	3	0.3804	112	
P007	22	23062458	42286641	1	1	2	-0.0159	53	
P007	22	42286642	48387649	1	1	2	0.0831	77	
P007	22	48387650	50614215	1	1	2	-0.0239	59	
P007	22	50614216	51304566	1	1	2	-0.0406	123	
P007	X	1	57257352	1	0	1	-0.4666	45	
P007	X	57257353	66297723	1	0	1	-0.4627	40	
P007	X	66297724	75421233	1	0	1	-0.5513	79	
P007	X	75421234	109903207	1	0	1	-0.4795	63	
P007	X	109903208	111947323	1	0	1	-0.4637	49	
P007	X	111947324	121646926	1	0	1	-0.5108	52	
P007	X	121646927	135243723	1	0	1	-0.5509	36	
P007	X	135243724	155270560	1	0	1	-0.4504	36	
P007	Y	1	11046494	1	1	2	0.1192	107	
P007	Y	11046495	11483355	1	1	2	0.0005	83	
P007	Y	11483356	43193196	2	1	3	0.3393	50	
P007	Y	43193197	59373566	1	0	1	-0.5549	85	
